block number 
4 tiles in name table
x x y type - up
x x y type - down
x y y type - left
x y y type - right

;0 - stop movement
;1 - door warp
;2 - hole
;3 - closed door
;F - no collision
--------------------------
0
80 80 80 80
00 15 07 00
00 15 00 00
15 00 15 00
00 00 15 00
--
1
6E 6E 7E 7F
00 15 07 00
00 15 00 00
15 00 07 00
00 00 07 00
--
2
2E 2F 3E 3F
00 15 15 00
00 15 00 00
15 00 15 00
00 00 15 00
--
3
88 89 98 99
00 15 00 01
00 00 00 0F - 00 15 07 03 (another up door)
00 00 07 00
15 00 07 00
--
4
70 71 50 11
00 00 00 0F
00 00 00 0F
00 00 00 0F
00 00 00 0F
--
5
81 71 10 11
00 00 00 0F
00 00 00 0F
00 00 00 0F
00 00 00 0F
--
6
4E 4F 5E 5E
00 00 00 0F
00 00 00 0F
00 00 00 0F
00 00 00 0F
--
7
91 41 40 04
00 00 00 0F
00 00 00 0F
00 00 00 0F
00 00 00 0F
--
8
41 41 04 04
00 00 00 0F
00 00 00 0F
00 00 00 0F
00 00 00 0F
--
9
51 01 10 11
00 00 00 0F
00 00 00 0F
00 00 00 0F
00 00 00 0F
--
A
60 01 50 11
00 00 00 0F
00 00 00 0F
00 00 00 0F
00 00 00 0F
--
B
00 01 10 11
00 00 00 0F
00 00 00 0F
00 00 00 0F
00 00 00 0F
--
C
22 23 32 33
00 00 00 0F
00 00 00 0F
00 00 00 0F
00 00 00 0F
--
D
85 85 85 85
00 00 00 0F
00 00 00 0F
00 00 00 0F
00 00 00 0F
--
E
40 04 40 04
00 00 00 0F
00 00 00 0F
00 00 00 0F
00 00 00 0F
--
F
AC AD 2B 5B
08 15 07 00
00 15 00 00
07 07 15 00
00 00 15 00
--
10
1A 1B 5B 5B
00 15 07 00
00 15 00 00
15 00 07 00
00 00 07 00
--
11
2C 2D 3C 3D
00 15 15 00
00 15 00 00
15 00 15 00
00 00 15 00
--
12
04 04 40 04
00 00 00 0F
00 00 00 0F
00 00 00 0F
00 00 00 0F
--
13
0C 0D 5B 5B
00 15 07 00
00 15 00 00
15 00 07 00
00 00 07 00
--
14
0E BE 2A 59
00 07 15 00
00 07 00 00
07 00 15 00
00 00 15 00
--
15
42 43 52 53
00 00 00 0F
00 00 00 0F
00 00 00 0F
00 00 00 0F
--
16
3A 59 4A 59
00 07 15 00
00 07 00 00
07 00 15 00
00 00 15 00
--
17
4C 4D 5E 5E
00 00 00 0F
00 00 00 0F
00 00 00 0F
00 00 00 0F
--
18
04 04 04 04
00 00 00 0F
00 00 00 0F
00 00 00 0F
00 00 00 0F
--
19
3A 59 2A 59
00 07 15 00
00 07 00 00
07 00 15 00
00 00 15 00
--
1A
8C 8D 9C 9D
00 15 00 00
00 15 15 00
00 00 00 0F - 00 00 15 03 (another right door)
15 00 15 01
--
1B
3A AE 4A BF
00 07 15 00
00 07 00 00
07 00 15 00
00 00 15 00
--
1C
29 AE 39 59
00 07 15 00
00 07 00 00
07 00 15 00
00 00 15 00
--
1D
19 09 5A 5B
00 15 07 00
00 15 00 00
15 00 07 00
00 00 07 00
--
1E
0A 0B 5B 5B
00 15 07 00
00 15 00 00
15 00 07 00
00 00 07 00
--
1F
1A 1B 5A 5B
00 15 07 00
00 15 00 00
15 00 07 00
00 00 07 00
--
20
0E BE 2A 59
00 07 15 00
00 07 00 00
07 00 15 00
00 00 15 00
--
21
1C 1D 0F 5B
08 15 07 00
00 15 00 00
07 07 15 00
00 00 15 00
--
22
49 59 AF BF
00 07 07 00
00 07 00 00
07 00 07 00
00 00 07 00
--
23
8A 8B 9A 9B
00 15 00 00
00 15 15 00
00 00 15 01
00 00 00 0F - 15 00 15 03 (another left door)
--
24
6A 6B 7A 7B
00 15 07 02
00 15 00 02
15 00 07 02
00 00 07 02
--
25
1B 1B 5B 5C
00 15 07 00
00 15 00 00
15 00 07 00
00 00 07 00
--
26
2A 59 2A 59
00 07 15 00
00 07 00 00
07 00 15 00
00 00 15 00
--
27
0A 0B 5B 5C
00 15 07 00
00 15 00 00
15 00 07 00
00 00 07 00
--
28
00 01 50 11
00 00 00 0F
00 00 00 0F
00 00 00 0F
00 00 00 0F
--
29
80 80 80 80
00 15 07 02
00 15 00 02
15 00 07 02
00 00 07 02
--
2A
8E 8F 9E 9F
00 15 00 0F - 00 15 00 03 (another up door)
00 15 15 01
00 00 15 00
15 00 15 00 
--
2B
6C 6D 7C 7D
00 15 07 02
00 15 00 02
15 00 07 02
00 00 07 02
--
2C
00 01 10 A6
00 00 00 0F
00 00 00 0F
00 00 00 0F
00 00 00 0F
--
2D
00 01 A7 11
00 00 00 0F
00 00 00 0F
00 00 00 0F
00 00 00 0F
--
2E
00 B6 10 11
00 00 00 0F
00 00 00 0F
00 00 00 0F
00 00 00 0F
--
2F
B7 01 10 11
00 00 00 0F
00 00 00 0F
00 00 00 0F
00 00 00 0F
--
30
00 AA 10 AA
00 00 00 0F
00 00 00 0F
00 00 00 0F
00 00 00 0F
--
31
AB 93 AB 11
00 00 00 0F
00 00 00 0F
00 00 00 0F
00 00 00 0F
--
32
AB 01 AB 11
00 00 00 0F
00 00 00 0F
00 00 00 0F
00 00 00 0F
--
33
00 01 A8 A8
00 00 00 0F
00 00 00 0F
00 00 00 0F
00 00 00 0F
--
34
B8 B8 10 11
00 00 00 0F
00 00 00 0F
00 00 00 0F
00 00 00 0F
--
35
00 24 10 34
00 00 00 0F
00 00 00 0F
00 00 00 0F
00 00 00 0F
--
36
20 21 30 31
00 00 00 0F
00 00 00 0F
00 00 00 0F
00 00 00 0F
--
37
94 01 50 11
00 00 00 0F
00 00 00 0F
00 00 00 0F
00 00 00 0F
--
38
04 04 40 04
00 00 00 0F
00 00 00 0F
00 00 00 0F
00 00 00 0F
--
39
0C 0D 0F 5B
08 15 07 00
00 15 00 00
07 07 15 00
00 00 15 00
--
3A
19 1A 5A 5B
00 15 07 00
00 15 00 00
15 00 07 00
00 00 07 00
--
3B
19 1B 5A 5B
00 15 07 00
00 15 00 00
15 00 07 00
00 00 07 00
--
